expandedFileTreePaths=C:/MSOCache/All Users/{90120000-0011-0000-0000-0000000FF1CE}-C/
maximized=0
position=0.7802593659942363
TabInSpaces=2
hSplitPaneDiverPosition=0.6957878315132605
displayFileTree=1
defaultWidth=1300.0
autoLineBreak=1
codeAreaFontSize=19
defaultHeight=800.0
indentUsingSpaces=1
width=1300.0
height=800.0
